117 127
157 125
182 121
218 120
240 118
277 115
120 184
160 178
182 176
222 172
243 168
278 165
121 201
162 196
185 192
222 188
243 185
280 181
124 256
165 250
186 246
224 240
246 237
281 231
125 275
166 270
188 264
225 260
248 255
280 250
127 331
168 323
190 319
227 310
247 306
285 299
309 110
352 110
381 110
426 110
454 110
502 108
311 162
353 163
382 163
429 162
455 161
503 162
312 181
356 181
384 180
428 181
457 182
503 181
313 230
358 233
384 234
429 235
458 235
504 236
315 245
357 248
386 247
430 250
458 252
504 252
316 296
361 297
387 301
432 302
461 304
506 306