278 0 235
220 0 235
184 0 235
126 0 235
87 0 235
29 0 235
278 0 178
220 0 178
184 0 178
126 0 178
87 0 178
29 0 178
278 0 159
220 0 159
184 0 159
126 0 159
87 0 159
29 0 159
278 0 103
220 0 103
184 0 103
126 0 103
87 0 103
29 0 103
278 0 80
220 0 80
184 0 80
126 0 80
87 0 80
29 0 80
278 0 23
220 0 23
184 0 23
126 0 23
87 0 23
29 0 23
0 29 239
0 87 239
0 125 239
0 184 239
0 221 239
0 278 239
0 29 182
0 87 182
0 125 182
0 184 182
0 221 182
0 278 182
0 29 158
0 87 158
0 125 158
0 184 158
0 221 158
0 278 158
0 29 102
0 87 102
0 125 102
0 184 102
0 221 102
0 278 102
0 29 82
0 87 82
0 125 82
0 184 82
0 221 82
0 278 82
0 29 26
0 87 26
0 125 26
0 184 26
0 221 26
0 278 26